n 1 63
n 2 288
n 3 276
n 4 114
n 5 486
n 6 510
n 7 478
n 8 146
n 9 102
n 10 214
n 11 404
n 12 216
n 13 333
n 14 222
n 15 233
n 16 172
n 17 527
n 18 512
n 19 73
n 20 66
n 21 281
n 22 555
n 23 214
n 24 281
n 25 475
n 26 259
n 27 0
n 28 0
n 29 0
n 30 0
n 31 0
n 32 0
n 33 0
n 34 0
n 35 0
n 36 0
n 37 0
n 38 0
n 39 0
n 40 0
n 41 0
n 42 0
n 43 0
n 44 0
n 45 0
n 46 0
n 47 0
n 48 0
n 49 0
n 50 0
n 51 0
n 52 0
n 53 0
n 54 0
n 55 0
n 56 0
n 57 0
n 58 0
n 59 0
n 60 0
n 61 0
n 62 0
n 63 0
n 64 0
n 65 0
n 66 0
n 67 0
n 68 0
n 69 0
n 70 0
n 71 0
n 72 0
n 73 0
n 74 0
n 75 0
n 76 0
n 77 0
n 78 0
n 79 0
n 80 0
n 81 0
n 82 0
n 83 0
n 84 0
n 85 0
n 86 0
n 87 0
n 88 0
n 89 0
n 90 0
n 91 0
n 92 0
n 93 0
n 94 0
n 95 0
n 96 0
n 97 0
n 98 0
n 99 0
n 100 0
n 101 0
n 102 0
n 103 0
n 104 0
n 105 0
n 106 0
n 107 0
n 108 0
n 109 0
n 110 0
n 111 0
n 112 0
n 113 0
n 114 0
n 115 0
n 116 0
n 117 0
n 118 0
n 119 0
n 120 0
n 121 0
n 122 0
n 123 0
n 124 0
n 125 0
n 126 0
n 127 0
n 128 0
n 129 0
n 130 0
n 131 0
n 132 0
n 133 0
n 134 0
n 135 0
n 136 0
n 137 0
n 138 0
n 139 0
n 140 0
n 141 0
n 142 0
n 143 0
n 144 0
n 145 0
n 146 0
n 147 0
n 148 0
n 149 0
n 150 0
n 151 0
n 152 0
n 153 0
n 154 0
n 155 0
n 156 0
n 157 0
n 158 0
n 159 0
n 160 0
n 161 0
n 162 0
n 163 0
n 164 0
n 165 0
n 166 0
n 167 0
n 168 0
n 169 0
n 170 0
n 171 0
n 172 0
n 173 0
n 174 0
n 175 0
n 176 0
n 177 0
n 178 0
n 179 0
n 180 0
n 181 0
n 182 0
n 183 0
n 184 0
n 185 0
n 186 0
n 187 0
n 188 0
n 189 0
n 190 0
n 191 0
n 192 0
n 193 0
n 194 0
n 195 0
n 196 0
n 197 0
n 198 0
n 199 0
n 200 0
n 201 0
n 202 0
n 203 0
n 204 0
n 205 0
n 206 0
n 207 0
n 208 0
n 209 0
n 210 0
n 211 0
n 212 0
n 213 0
n 214 0
n 215 0
n 216 0
n 217 0
n 218 0
n 219 0
n 220 0
n 221 0
n 222 0
n 223 0
n 224 0
n 225 0
n 226 0
n 227 0
n 228 0
n 229 0
n 230 0
n 231 -226
n 232 -149
n 233 -405
n 234 -77
n 235 -175
n 236 -703
n 237 -51
n 238 -61
n 239 -636
n 240 -644
n 241 -285
n 242 -440
n 243 -229
n 244 -119
n 245 -291
n 246 -1147
n 247 -256
n 248 -230
n 249 -5
n 250 -104
n 251 -458
n 252 -57
n 253 -35
n 254 -210
n 255 -118
n 256 -389
a 1 49 358
a 1 73 1103
a 1 246 2968
a 49 152 396
a 49 194 4386
a 49 205 3931
a 49 29 4604
a 49 254 232
a 49 190 4521
a 49 195 3677
a 58 232 3781
a 58 230 2575
a 58 102 1311
a 58 164 2041
a 58 178 3230
a 58 172 2231
a 58 90 3245
a 58 91 4065
a 58 95 4941
a 58 177 2206
a 58 213 4650
a 58 73 2013
a 58 129 4009
a 58 57 1258
a 58 141 2411
a 58 173 961
a 100 243 4353
a 100 205 2800
a 100 102 4415
a 100 114 349
a 100 197 1446
a 100 106 4240
a 100 73 2254
a 100 231 4305
a 100 33 1721
a 100 232 4353
a 100 255 812
a 114 115 3672
a 114 90 3121
a 115 58 4454
a 115 62 4595
a 115 44 3796
a 124 142 1517
a 124 58 2098
a 124 28 109
a 124 113 3711
a 124 198 2782
a 124 27 2866
a 124 40 2126
a 124 146 477
a 124 123 2468
a 124 91 211
a 142 114 3745
a 142 85 768
a 142 165 1826
a 142 150 3035
a 152 124 3755
a 152 59 3049
a 152 226 3065
a 152 70 246
a 227 100 3193
a 227 187 3448
a 227 249 2130
a 227 228 526
a 227 41 1801
a 227 158 847
a 227 176 937
a 227 53 1248
a 230 227 988
a 230 138 990
a 230 81 520
a 230 178 1662
a 230 52 2904
a 230 217 4005
a 230 72 2392
a 2 48 2142
a 2 93 2290
a 2 174 4880
a 2 40 2763
a 2 134 904
a 2 193 1467
a 2 118 1956
a 2 236 2222
a 48 177 1428
a 48 213 4153
a 48 104 2440
a 48 251 1836
a 48 227 4087
a 48 214 3624
a 48 175 2312
a 48 40 3700
a 48 192 837
a 48 161 3329
a 56 166 2684
a 56 93 4712
a 56 118 791
a 56 122 4885
a 56 245 1180
a 56 84 2562
a 56 168 2733
a 56 70 4848
a 56 97 3820
a 56 247 3837
a 73 181 1113
a 73 180 49
a 73 179 151
a 73 111 732
a 73 208 1058
a 73 82 2174
a 73 245 4504
a 73 248 4301
a 73 151 3264
a 75 73 251
a 75 140 964
a 75 155 2317
a 75 41 2451
a 75 123 4197
a 75 81 3129
a 75 102 2254
a 75 248 3720
a 75 96 1080
a 75 166 1114
a 75 94 1045
a 75 157 981
a 75 199 2371
a 75 34 2853
a 75 93 2381
a 75 29 4499
a 75 226 3510
a 141 56 4219
a 141 67 1386
a 166 236 2322
a 166 198 2784
a 166 61 2699
a 177 75 4286
a 177 120 961
a 177 228 3567
a 177 47 1970
a 177 119 2314
a 177 160 1979
a 177 168 2657
a 177 183 4545
a 181 216 2585
a 181 256 515
a 181 27 2371
a 181 39 4544
a 181 209 553
a 181 240 1020
a 181 84 3488
a 181 204 4245
a 181 228 275
a 181 252 1835
a 181 104 4550
a 181 202 4590
a 181 173 4296
a 181 193 3232
a 181 220 4071
a 181 214 2647
a 181 238 2464
a 216 141 1952
a 216 218 1951
a 216 83 4993
a 216 33 3560
a 216 55 3273
a 216 174 2623
a 216 44 592
a 216 95 2705
a 216 185 4176
a 216 227 2081
a 216 118 3129
a 216 188 4150
a 3 68 4441
a 3 194 2545
a 3 62 2711
a 3 37 1220
a 3 27 2847
a 3 140 4611
a 3 90 4362
a 3 35 1662
a 3 246 2091
a 3 237 4929
a 3 114 1469
a 37 254 1640
a 37 97 1957
a 37 102 837
a 37 41 4903
a 37 66 3947
a 37 243 1524
a 37 123 634
a 37 205 2926
a 37 237 1734
a 37 251 1259
a 37 111 4930
a 66 37 4293
a 66 135 647
a 66 248 2193
a 66 126 3860
a 66 40 2128
a 66 172 4371
a 66 256 3929
a 66 217 3564
a 66 56 4010
a 66 92 770
a 66 140 4487
a 66 110 4755
a 66 171 2967
a 68 209 761
a 68 199 2464
a 68 197 2834
a 68 186 2430
a 68 137 2452
a 68 204 2408
a 68 213 3311
a 68 48 3226
a 68 79 554
a 68 111 2964
a 68 172 1527
a 68 35 3205
a 68 132 1371
a 68 227 318
a 161 66 3345
a 161 236 2289
a 161 82 2724
a 171 196 3930
a 171 205 2256
a 171 100 2897
a 171 203 2417
a 171 146 3399
a 171 108 652
a 171 52 3662
a 171 243 236
a 171 41 680
a 171 215 4393
a 171 91 4296
a 171 104 1963
a 196 197 3532
a 196 83 235
a 196 193 4046
a 197 199 328
a 197 228 4535
a 197 114 4556
a 197 148 2094
a 197 113 3048
a 197 160 666
a 197 246 1315
a 197 145 2592
a 197 187 913
a 197 175 4201
a 197 155 3989
a 197 167 496
a 197 150 2184
a 197 204 4490
a 197 213 1723
a 199 161 2320
a 199 60 4863
a 199 252 1420
a 199 119 2376
a 199 163 1737
a 199 208 1948
a 199 160 1001
a 199 114 646
a 199 238 3755
a 199 131 11
a 199 43 1636
a 199 248 4822
a 199 121 4958
a 199 168 2769
a 199 212 4892
a 209 214 4833
a 209 239 144
a 209 30 2538
a 209 73 1035
a 209 256 1939
a 209 179 1097
a 209 106 364
a 209 200 2203
a 209 208 2209
a 209 48 2096
a 209 234 4938
a 209 199 4382
a 209 232 4440
a 209 56 5000
a 214 171 2578
a 214 121 1886
a 214 156 1995
a 214 80 3481
a 214 84 3882
a 214 40 4993
a 214 172 3543
a 214 208 1873
a 214 176 3442
a 214 132 2161
a 214 89 4365
a 214 130 4329
a 4 107 406
a 4 173 119
a 4 103 2640
a 4 104 1220
a 4 89 2783
a 4 44 591
a 4 170 3016
a 4 230 3271
a 4 209 1100
a 4 141 2952
a 74 160 1618
a 74 131 1870
a 74 142 4330
a 107 113 265
a 107 231 3756
a 107 28 2423
a 107 252 1880
a 107 128 4687
a 107 55 199
a 107 69 3477
a 107 115 1384
a 107 70 2792
a 107 125 1554
a 111 167 3705
a 111 155 1559
a 111 215 2660
a 111 219 4755
a 111 233 2596
a 111 56 4159
a 111 48 4728
a 113 111 333
a 113 47 908
a 113 206 2344
a 113 55 1458
a 113 186 625
a 113 167 2217
a 113 95 2923
a 113 30 1362
a 113 202 1124
a 113 253 1239
a 113 79 1266
a 113 247 3949
a 113 108 2776
a 113 238 846
a 113 94 3262
a 116 165 4203
a 116 225 3644
a 116 241 2318
a 116 139 2864
a 116 171 980
a 116 40 2190
a 116 39 3615
a 116 92 4450
a 116 212 2867
a 146 74 1663
a 146 222 3384
a 146 60 1175
a 146 83 4437
a 146 160 3014
a 146 210 4084
a 160 218 3209
a 160 149 4115
a 165 245 2359
a 165 236 2305
a 165 195 1735
a 165 81 4114
a 165 32 4614
a 165 134 4378
a 165 241 4754
a 165 186 1195
a 165 191 4959
a 167 146 3019
a 167 92 3581
a 167 75 3869
a 167 131 135
a 167 207 651
a 218 116 2655
a 218 254 3035
a 218 216 1122
a 5 28 1535
a 5 250 1876
a 5 223 223
a 5 146 4040
a 5 111 3891
a 5 74 896
a 5 233 4685
a 5 137 1973
a 5 56 527
a 5 147 4259
a 28 140 3444
a 28 138 3927
a 28 166 2982
a 28 62 4010
a 46 129 523
a 46 193 1293
a 46 100 4678
a 46 194 1262
a 46 196 2720
a 46 107 3582
a 64 236 3498
a 64 73 1349
a 64 163 1228
a 64 91 1407
a 64 181 3931
a 64 136 2295
a 64 156 4578
a 64 141 2085
a 64 200 4178
a 64 147 601
a 64 49 1618
a 64 37 4576
a 64 126 717
a 64 255 3009
a 64 76 2407
a 129 64 1621
a 129 97 895
a 129 145 4364
a 129 150 1111
a 129 103 1749
a 129 100 933
a 129 226 4703
a 129 112 2495
a 140 169 2393
a 140 246 402
a 140 46 2918
a 140 203 1865
a 140 119 3757
a 140 71 310
a 140 116 1900
a 140 178 149
a 169 46 2877
a 169 77 3009
a 169 187 1631
a 169 248 2670
a 169 154 2400
a 6 172 1163
a 6 108 1632
a 6 222 3920
a 6 59 3583
a 52 242 1030
a 52 246 931
a 52 100 4046
a 52 251 94
a 52 144 3967
a 52 130 2031
a 52 80 4711
a 52 72 3302
a 52 39 2538
a 52 253 2124
a 52 204 3597
a 52 248 2847
a 52 193 3723
a 52 177 1580
a 52 121 1037
a 52 252 1585
a 55 134 1558
a 55 112 1476
a 80 219 3267
a 80 221 2538
a 80 127 4467
a 80 71 558
a 80 253 915
a 80 199 2639
a 80 194 3344
a 80 41 712
a 80 72 691
a 80 175 2435
a 80 49 2841
a 80 234 3599
a 80 62 589
a 80 109 4735
a 80 176 4621
a 80 229 2343
a 134 174 4143
a 134 224 2268
a 134 234 697
a 134 209 2273
a 134 237 621
a 134 106 4306
a 134 27 496
a 172 80 83
a 172 151 3952
a 172 95 4596
a 172 127 2726
a 172 162 4025
a 172 139 1474
a 172 138 935
a 174 188 4564
a 174 164 2787
a 174 72 4631
a 174 201 3220
a 174 120 914
a 174 205 69
a 174 58 4806
a 174 36 4198
a 174 218 3901
a 174 236 4489
a 174 219 3573
a 188 52 4320
a 188 176 1133
a 188 49 4563
a 188 127 2549
a 188 217 2868
a 188 36 1336
a 188 145 1959
a 188 101 3524
a 188 193 1738
a 188 185 4778
a 188 248 176
a 188 65 671
a 188 183 4329
a 219 55 1083
a 219 172 2622
a 219 206 3329
a 219 43 1159
a 219 52 3873
a 219 146 2857
a 219 116 2896
a 7 149 4597
a 7 108 3789
a 7 173 1984
a 7 237 1257
a 7 244 4191
a 7 230 1430
a 7 85 4926
a 7 139 1358
a 7 222 3552
a 7 89 4466
a 7 140 3065
a 61 212 502
a 61 55 2233
a 61 80 41
a 61 60 19
a 61 250 663
a 61 101 3028
a 61 47 3410
a 61 113 4762
a 61 185 1220
a 61 148 3132
a 61 29 2475
a 61 175 709
a 85 95 4673
a 85 97 3514
a 85 198 3306
a 85 61 1210
a 85 240 4308
a 85 167 2064
a 85 186 201
a 85 254 1392
a 85 88 3199
a 85 50 178
a 85 165 3713
a 85 146 1466
a 85 205 51
a 85 202 3723
a 95 61 3366
a 95 181 4077
a 95 121 4476
a 95 214 2782
a 95 189 1153
a 95 199 1618
a 95 149 2287
a 95 109 4002
a 95 226 1971
a 95 60 3986
a 95 220 2298
a 127 256 4703
a 127 239 3420
a 127 178 4619
a 127 67 3838
a 127 68 4916
a 127 75 161
a 127 168 325
a 127 206 1559
a 149 85 4609
a 149 197 1096
a 149 27 3283
a 149 145 2302
a 149 217 2685
a 149 34 778
a 149 112 1545
a 149 117 2062
a 149 153 2508
a 149 198 4852
a 149 224 2801
a 149 28 4500
a 149 169 1529
a 212 127 2582
a 212 91 2477
a 212 239 2488
a 212 97 4807
a 212 210 1350
a 212 156 4633
a 212 177 4554
a 8 57 2291
a 8 247 1440
a 8 176 4137
a 8 97 656
a 8 52 2650
a 8 55 1991
a 8 170 3022
a 8 149 1294
a 8 98 3249
a 8 64 3766
a 8 82 720
a 8 245 737
a 31 213 4751
a 31 155 4695
a 31 229 906
a 31 110 575
a 31 220 815
a 31 230 1088
a 31 227 2314
a 57 72 2254
a 57 34 227
a 57 253 200
a 57 35 4342
a 57 214 2472
a 57 46 1293
a 63 223 4190
a 63 116 418
a 63 202 1044
a 63 252 1767
a 63 147 1168
a 72 31 3047
a 72 84 1465
a 72 82 2843
a 72 58 1686
a 72 159 3398
a 72 180 387
a 72 227 724
a 72 46 2080
a 72 164 4598
a 105 112 1344
a 105 244 3926
a 105 77 1516
a 105 74 2978
a 105 225 3536
a 112 158 3724
a 112 103 2960
a 112 66 453
a 112 160 3122
a 112 77 382
a 112 249 2155
a 112 113 2681
a 112 151 789
a 112 163 4707
a 112 255 4332
a 112 172 4728
a 112 161 4843
a 112 211 3012
a 112 116 374
a 112 215 1565
a 122 180 588
a 122 115 1788
a 122 236 5000
a 122 32 1044
a 122 35 1240
a 122 127 4433
a 122 181 4857
a 122 230 4609
a 122 129 1733
a 122 45 1565
a 122 208 3624
a 122 152 133
a 158 178 4680
a 158 122 1411
a 158 251 4225
a 158 80 711
a 158 133 3965
a 158 167 1601
a 158 234 70
a 158 62 1679
a 158 168 4422
a 158 127 4790
a 158 73 803
a 158 180 2988
a 178 254 34
a 178 80 3428
a 178 160 20
a 178 203 4218
a 178 96 3535
a 178 66 546
a 178 251 970
a 178 194 3550
a 180 235 1769
a 180 105 4873
a 180 143 2442
a 180 48 764
a 180 104 4259
a 180 29 3164
a 180 97 3774
a 180 229 1308
a 180 200 4136
a 180 205 627
a 180 187 69
a 213 63 372
a 213 189 2874
a 213 193 901
a 213 249 2070
a 213 53 1885
a 213 219 4128
a 213 175 2496
a 213 39 4539
a 213 135 124
a 213 73 1874
a 213 110 4294
a 223 122 1819
a 223 232 3777
a 223 227 2449
a 223 34 2248
a 223 40 1631
a 223 231 3344
a 223 27 1143
a 223 152 13
a 223 255 4158
a 223 188 7
a 223 65 3939
a 223 184 4310
a 9 162 4405
a 9 86 3628
a 9 218 4785
a 9 40 252
a 9 68 2000
a 9 197 1837
a 9 55 4715
a 9 121 4900
a 9 167 1644
a 9 160 1047
a 9 155 4250
a 9 53 3477
a 9 234 3237
a 9 204 1480
a 29 143 3101
a 29 236 3347
a 29 244 3591
a 29 191 4595
a 29 114 1236
a 29 140 1465
a 29 175 1884
a 29 198 4157
a 45 125 4170
a 45 110 3236
a 45 167 2867
a 45 81 2334
a 45 231 1689
a 45 28 2682
a 45 153 1453
a 45 159 1502
a 45 142 4614
a 45 113 2957
a 83 29 4893
a 83 78 4720
a 83 189 993
a 83 79 4044
a 83 75 1965
a 83 185 4485
a 83 105 1871
a 83 153 1130
a 83 80 4781
a 83 110 3541
a 83 219 3782
a 83 36 4303
a 83 122 4276
a 83 183 3738
a 88 45 693
a 88 109 1396
a 117 88 3064
a 117 137 505
a 125 255 1587
a 125 167 3060
a 125 91 3019
a 125 121 722
a 125 156 1023
a 125 256 2750
a 125 56 1688
a 125 81 1060
a 125 114 17
a 125 122 443
a 125 166 130
a 125 97 732
a 125 27 720
a 125 72 654
a 139 83 299
a 139 238 2929
a 139 31 3748
a 139 76 4891
a 139 135 130
a 139 121 3375
a 139 180 2132
a 139 209 4480
a 139 168 875
a 139 136 546
a 139 44 4309
a 139 186 2951
a 139 93 1350
a 139 85 4597
a 143 220 3299
a 143 200 3105
a 143 246 1095
a 162 139 1412
a 162 247 4746
a 162 29 221
a 162 58 3769
a 162 121 4145
a 162 202 4326
a 162 125 313
a 162 248 64
a 162 197 704
a 162 88 601
a 162 233 798
a 220 117 444
a 220 252 4649
a 220 242 3139
a 220 31 4077
a 220 192 105
a 220 193 466
a 10 59 1707
a 10 128 1506
a 10 127 3150
a 10 43 1823
a 10 227 2129
a 10 167 4877
a 10 229 2537
a 10 181 2120
a 10 149 345
a 10 209 1981
a 10 195 1886
a 59 217 2758
a 59 246 4244
a 59 151 2124
a 90 101 1895
a 90 153 3610
a 90 162 4599
a 90 100 2433
a 90 60 142
a 90 151 175
a 90 217 1297
a 90 118 2434
a 93 104 531
a 93 199 547
a 93 134 827
a 101 254 3834
a 101 96 4946
a 101 132 548
a 101 35 3642
a 101 33 1224
a 104 119 1662
a 104 135 3965
a 119 90 4436
a 119 220 2924
a 119 163 3668
a 119 107 1674
a 119 199 3418
a 119 196 3615
a 119 133 208
a 119 95 4805
a 119 252 4964
a 119 171 721
a 119 221 4182
a 119 110 2980
a 119 254 3251
a 119 51 3458
a 119 28 3715
a 217 93 1082
a 217 67 2791
a 217 95 2636
a 217 218 3324
a 217 211 3628
a 217 168 3093
a 217 216 2109
a 217 29 2029
a 217 50 4937
a 217 128 1291
a 217 223 3057
a 217 131 666
a 217 27 1189
a 217 208 2735
a 11 203 2958
a 11 243 601
a 11 162 3894
a 11 50 2648
a 11 45 2996
a 11 159 1420
a 11 227 1210
a 11 52 1077
a 11 29 1816
a 11 95 284
a 11 178 887
a 11 42 283
a 11 32 705
a 86 176 1965
a 86 202 2262
a 86 219 513
a 86 182 5000
a 86 175 3524
a 86 249 2788
a 86 75 941
a 86 40 3122
a 86 33 4438
a 86 107 1331
a 86 137 3617
a 99 86 1600
a 99 63 3125
a 99 87 4936
a 99 168 4778
a 99 214 2666
a 99 166 326
a 99 194 1451
a 99 245 1189
a 99 181 2004
a 99 167 4198
a 99 91 1717
a 121 99 4025
a 121 244 2658
a 121 219 2226
a 121 36 3797
a 121 48 643
a 121 37 982
a 121 255 1712
a 176 231 2368
a 176 241 1121
a 176 78 2625
a 176 171 1030
a 176 173 4128
a 176 116 2231
a 176 148 260
a 176 129 478
a 176 149 3033
a 176 137 2180
a 176 203 3432
a 176 187 311
a 176 210 2293
a 176 215 2337
a 176 154 1727
a 176 77 986
a 203 121 413
a 203 66 4782
a 12 79 4110
a 12 191 2657
a 12 198 2960
a 12 47 2331
a 12 234 66
a 12 146 3614
a 12 90 3154
a 12 139 4721
a 12 138 3468
a 12 80 1265
a 12 236 2888
a 35 187 2539
a 35 216 4813
a 35 40 4185
a 35 214 2718
a 35 99 4862
a 50 238 4091
a 50 240 3933
a 50 72 258
a 79 182 1873
a 79 34 3761
a 79 35 4883
a 79 192 638
a 79 109 1450
a 79 249 2960
a 79 139 388
a 79 240 956
a 94 50 624
a 94 99 4239
a 94 212 2864
a 94 174 133
a 94 193 723
a 94 156 1264
a 94 206 4601
a 182 35 4621
a 182 67 220
a 182 48 2709
a 182 227 3
a 182 234 875
a 182 231 2187
a 182 218 1216
a 182 116 4414
a 182 30 2351
a 187 94 855
a 187 157 2792
a 187 127 3984
a 13 126 1586
a 13 99 1029
a 13 94 4015
a 13 70 3933
a 92 102 4380
a 92 254 3048
a 92 165 2994
a 92 84 2408
a 92 112 3691
a 92 221 2824
a 92 39 316
a 92 170 803
a 92 117 606
a 92 50 3405
a 102 184 1421
a 102 37 4298
a 109 130 3740
a 109 164 657
a 109 167 4418
a 109 80 1430
a 109 181 3328
a 109 172 483
a 109 78 1905
a 109 73 3023
a 109 243 4373
a 109 197 370
a 109 36 2586
a 109 217 79
a 109 122 622
a 109 170 3671
a 109 159 2913
a 126 208 2229
a 126 163 1091
a 130 247 6
a 130 157 4768
a 130 128 2337
a 130 43 4733
a 130 44 3516
a 130 169 887
a 130 32 4553
a 130 255 3201
a 130 109 1601
a 130 189 4026
a 130 236 276
a 157 234 1500
a 157 114 2996
a 157 239 4446
a 157 219 448
a 157 95 464
a 157 224 1020
a 157 203 1080
a 157 192 3359
a 157 241 599
a 157 202 4801
a 157 162 129
a 157 191 729
a 157 170 153
a 157 104 2616
a 157 130 3760
a 184 109 2101
a 184 40 467
a 184 203 1725
a 184 82 232
a 184 119 4891
a 184 165 2292
a 184 204 959
a 184 118 4233
a 184 238 2782
a 184 125 2972
a 184 152 3966
a 184 227 3761
a 184 155 95
a 184 156 616
a 184 239 1975
a 184 188 3267
a 208 226 1998
a 208 88 332
a 208 189 4492
a 208 31 2530
a 208 192 499
a 208 200 4544
a 208 103 3076
a 208 96 3364
a 208 148 2062
a 208 50 1686
a 226 92 1519
a 226 152 2538
a 226 185 4221
a 226 164 1998
a 14 132 735
a 14 251 1877
a 14 144 1617
a 14 117 4958
a 14 232 4795
a 14 118 928
a 14 95 3949
a 14 120 3109
a 78 202 2706
a 78 86 1919
a 78 183 1270
a 78 237 1354
a 78 62 2057
a 78 155 4027
a 78 144 3241
a 78 90 3214
a 78 154 1037
a 132 168 4655
a 132 210 1482
a 132 71 2446
a 132 62 4642
a 132 136 2778
a 132 28 2391
a 132 190 2316
a 132 55 3134
a 132 232 271
a 132 127 1141
a 132 222 890
a 132 196 718
a 132 202 3709
a 132 204 1233
a 132 125 4230
a 168 205 1605
a 168 245 1540
a 168 137 415
a 168 45 1510
a 168 50 177
a 168 184 202
a 168 81 985
a 168 246 1680
a 168 227 4750
a 168 214 4834
a 168 121 4249
a 168 147 1604
a 168 196 4451
a 168 252 2596
a 168 244 1615
a 168 88 244
a 202 235 1958
a 202 129 2786
a 202 139 2178
a 202 47 2948
a 202 253 3094
a 202 220 4139
a 202 163 834
a 202 135 195
a 202 164 4920
a 202 134 1665
a 205 78 594
a 205 214 815
a 205 54 4184
a 205 72 2637
a 205 33 4647
a 205 87 3984
a 15 33 1081
a 15 101 302
a 15 122 175
a 15 165 4562
a 15 83 2208
a 15 243 2702
a 15 34 1313
a 15 179 270
a 32 251 3200
a 32 64 3925
a 33 210 657
a 33 164 395
a 33 192 172
a 33 63 2198
a 38 193 355
a 38 63 3246
a 38 251 3248
a 38 83 2914
a 38 105 3777
a 38 239 2800
a 76 138 4889
a 76 32 1698
a 76 174 2024
a 76 193 3969
a 76 46 2169
a 76 109 2896
a 76 240 1198
a 76 81 1991
a 76 82 3810
a 76 217 1041
a 76 126 4776
a 138 32 1321
a 138 141 2835
a 138 210 2655
a 138 37 1189
a 138 107 1296
a 138 207 4834
a 138 163 1214
a 138 86 3146
a 138 128 4969
a 138 34 2805
a 138 177 1991
a 138 216 352
a 138 76 1223
a 138 87 1892
a 193 250 1705
a 193 76 3252
a 193 81 2709
a 193 89 4046
a 193 171 1120
a 193 75 149
a 193 69 4208
a 193 142 2116
a 193 247 3751
a 193 61 2125
a 193 113 1414
a 193 117 2265
a 193 41 1447
a 193 162 4660
a 210 38 1899
a 210 82 159
a 210 57 947
a 210 104 4170
a 210 66 2517
a 210 209 585
a 210 119 4414
a 16 189 1169
a 16 251 1299
a 16 99 1984
a 16 128 1995
a 16 38 2983
a 16 228 2345
a 16 81 2096
a 16 88 1092
a 16 234 2959
a 16 252 4897
a 16 168 351
a 16 139 3627
a 16 186 997
a 16 133 4430
a 30 243 1049
a 30 137 2504
a 30 214 4274
a 30 118 471
a 30 134 3515
a 30 72 3692
a 30 157 418
a 30 62 2987
a 30 86 2175
a 30 253 4253
a 39 204 404
a 39 194 808
a 71 163 2853
a 71 134 4921
a 71 44 365
a 71 177 4799
a 71 192 4542
a 71 239 2474
a 137 39 4932
a 137 231 4852
a 137 48 1700
a 137 85 2208
a 137 148 1370
a 137 249 1211
a 137 254 1141
a 137 177 4635
a 150 224 1096
a 150 213 4729
a 150 172 3187
a 150 170 3962
a 150 211 3640
a 150 181 701
a 150 180 3470
a 154 30 760
a 154 176 2420
a 154 124 2021
a 154 191 2547
a 154 175 4444
a 154 236 2911
a 154 95 4754
a 154 47 2622
a 154 59 368
a 154 79 1598
a 154 81 1310
a 154 195 4046
a 154 37 484
a 154 61 1576
a 154 247 3416
a 154 136 2132
a 154 150 4653
a 163 242 2230
a 163 137 844
a 163 245 3873
a 163 251 728
a 163 227 2979
a 163 59 3711
a 163 136 4824
a 189 154 3829
a 189 112 3844
a 189 50 2048
a 204 150 713
a 204 182 611
a 204 38 4257
a 204 161 3114
a 204 110 3355
a 204 123 320
a 204 81 3326
a 204 61 2715
a 204 108 3739
a 204 60 2627
a 224 71 4451
a 224 237 3816
a 224 36 3840
a 224 207 3662
a 17 36 1768
a 17 118 4928
a 17 114 65
a 17 46 898
a 17 154 691
a 17 248 642
a 17 182 4159
a 17 54 4674
a 17 240 2508
a 17 73 2110
a 17 227 2927
a 17 123 3585
a 36 200 2100
a 36 227 697
a 36 160 1385
a 36 256 4126
a 36 172 1275
a 60 251 59
a 60 233 3507
a 60 163 1076
a 60 135 1989
a 60 169 2900
a 60 226 2134
a 60 73 1292
a 60 240 2281
a 60 172 1908
a 60 150 2761
a 60 72 254
a 62 133 4869
a 62 242 430
a 62 147 4811
a 62 159 4551
a 123 206 1339
a 123 75 4766
a 133 145 3294
a 133 155 142
a 133 63 546
a 133 86 34
a 133 205 1374
a 133 52 3016
a 133 235 3666
a 133 110 4066
a 133 227 2253
a 133 150 3040
a 133 203 968
a 133 82 780
a 133 180 1908
a 133 189 1335
a 133 170 524
a 133 177 753
a 145 170 3734
a 145 128 3732
a 145 183 2113
a 145 253 4840
a 145 63 2408
a 145 116 3435
a 145 173 578
a 145 122 4925
a 170 60 1783
a 170 116 1228
a 170 246 667
a 170 44 1163
a 170 140 1729
a 170 109 3854
a 170 150 327
a 170 212 4497
a 170 165 1985
a 170 219 164
a 200 123 2854
a 200 90 2861
a 200 150 4964
a 200 221 3385
a 200 158 3088
a 200 85 4987
a 200 84 2505
a 200 180 2395
a 200 47 4663
a 206 62 172
a 206 225 1374
a 206 154 3064
a 206 202 2544
a 206 217 2083
a 206 222 1574
a 206 203 4232
a 206 141 197
a 206 144 144
a 206 50 218
a 206 162 1439
a 206 149 4301
a 206 208 3742
a 206 77 138
a 206 87 3853
a 206 112 3379
a 206 49 3366
a 18 221 2126
a 18 106 2903
a 18 41 2922
a 18 80 2252
a 18 224 4706
a 18 165 1292
a 18 164 4260
a 96 156 2803
a 96 76 3781
a 96 218 2415
a 96 127 2240
a 96 35 4485
a 96 219 2980
a 96 151 119
a 96 213 3014
a 96 109 3012
a 96 184 174
a 96 146 4581
a 155 96 4924
a 155 85 2766
a 155 241 4576
a 155 150 1548
a 155 232 2929
a 156 159 1923
a 156 203 341
a 156 185 3941
a 156 219 2447
a 156 43 1859
a 156 187 4957
a 156 164 2296
a 156 227 1525
a 156 157 1206
a 156 194 474
a 156 210 1189
a 156 84 3614
a 156 103 1629
a 156 54 1743
a 156 31 4788
a 156 244 1600
a 156 65 3907
a 159 229 4493
a 159 46 4388
a 159 248 3164
a 159 132 786
a 159 40 3431
a 159 219 3869
a 159 45 3644
a 159 103 3711
a 159 130 3544
a 159 230 791
a 159 199 34
a 159 28 92
a 159 118 3932
a 164 228 2201
a 164 246 151
a 164 233 676
a 164 140 4064
a 164 83 1748
a 164 106 4874
a 164 92 3504
a 164 81 1066
a 164 42 2923
a 164 139 550
a 164 118 935
a 164 75 4323
a 221 155 4514
a 221 144 296
a 221 214 3828
a 221 97 3268
a 221 243 303
a 221 106 2149
a 221 184 3393
a 221 119 1749
a 221 174 1981
a 221 70 2115
a 221 236 4743
a 221 170 2246
a 221 100 1508
a 221 59 1230
a 228 239 3633
a 228 40 4849
a 228 250 3419
a 228 206 2764
a 228 103 4868
a 228 165 118
a 228 198 996
a 228 83 2245
a 228 251 1015
a 228 64 4171
a 228 236 1070
a 228 223 3543
a 228 65 818
a 228 218 1837
a 229 164 3511
a 229 233 3611
a 229 59 4621
a 229 238 4855
a 229 197 2887
a 229 173 2272
a 229 236 4323
a 229 77 1594
a 229 106 2942
a 19 120 4946
a 19 223 4103
a 19 136 1620
a 19 194 3660
a 19 197 2696
a 19 175 1775
a 19 174 4655
a 19 45 3631
a 19 248 1635
a 19 62 4919
a 19 117 2256
a 19 138 137
a 19 220 4778
a 34 84 1045
a 34 254 982
a 34 56 4857
a 34 207 3731
a 34 71 1317
a 53 255 1733
a 53 196 2289
a 53 35 1812
a 53 247 2271
a 53 139 22
a 53 56 3024
a 84 195 4728
a 84 67 152
a 84 143 2749
a 84 247 3904
a 84 184 736
a 84 124 1862
a 84 220 4435
a 84 151 4063
a 84 70 1166
a 120 148 800
a 120 71 4309
a 120 39 728
a 120 202 4895
a 120 27 2241
a 120 92 1129
a 120 141 3994
a 120 224 4107
a 120 187 1409
a 120 228 3728
a 148 34 394
a 148 92 2052
a 148 249 3735
a 148 162 1676
a 148 214 2616
a 148 59 975
a 148 235 2857
a 192 53 1467
a 192 141 767
a 192 169 1132
a 192 158 2476
a 192 101 2265
a 192 29 3070
a 192 145 3072
a 192 248 4220
a 192 117 1568
a 192 159 1328
a 192 246 1566
a 192 78 2342
a 192 226 364
a 192 83 3460
a 195 192 4451
a 195 252 4708
a 195 224 1834
a 195 220 4100
a 195 162 108
a 195 141 1328
a 195 226 977
a 195 52 4490
a 195 203 4382
a 195 75 4494
a 195 70 4335
a 20 144 1155
a 20 235 1526
a 20 170 2744
a 20 224 1171
a 43 89 2279
a 43 45 4732
a 43 72 1858
a 89 215 3037
a 89 60 732
a 89 94 2736
a 89 27 471
a 110 222 3400
a 110 161 424
a 110 64 1136
a 110 34 372
a 110 195 4093
a 110 69 1839
a 110 123 4117
a 110 244 4191
a 110 97 1163
a 110 52 417
a 118 110 921
a 118 82 3979
a 118 58 4387
a 118 52 864
a 118 109 4705
a 118 184 2287
a 118 182 2576
a 144 118 3170
a 144 198 3287
a 198 254 1311
a 198 188 1629
a 198 48 2723
a 215 198 4063
a 215 248 4742
a 215 115 2674
a 215 246 2656
a 215 151 2584
a 215 175 2808
a 215 147 4741
a 215 35 24
a 215 37 2533
a 215 131 2333
a 215 96 3512
a 222 43 2624
a 222 216 182
a 222 66 848
a 21 51 1907
a 21 188 424
a 21 29 421
a 21 180 517
a 21 152 526
a 21 230 2424
a 21 69 2259
a 21 197 67
a 21 81 3125
a 21 90 1439
a 21 164 1364
a 21 254 309
a 21 179 3049
a 51 186 4288
a 51 83 2259
a 51 217 2017
a 51 246 2833
a 103 151 3221
a 103 109 277
a 103 46 3890
a 103 155 4444
a 103 225 4935
a 103 77 3359
a 103 191 2246
a 103 32 2379
a 103 173 4728
a 135 211 4577
a 135 194 1813
a 135 101 2271
a 135 238 2147
a 135 219 4808
a 135 56 3616
a 135 120 2678
a 135 117 2292
a 135 197 1282
a 135 180 1666
a 151 245 1001
a 151 135 4688
a 151 159 1033
a 151 109 4145
a 151 185 2580
a 186 103 3551
a 186 80 3434
a 186 28 1849
a 186 54 2390
a 186 137 589
a 186 35 2008
a 186 158 1570
a 186 237 1314
a 186 102 3588
a 186 62 1807
a 186 226 815
a 186 184 1419
a 186 232 6
a 186 68 548
a 186 160 4228
a 211 243 3260
a 211 226 4475
a 211 84 2510
a 22 40 882
a 22 184 3527
a 22 39 3588
a 22 185 2310
a 22 98 3491
a 22 29 3602
a 22 219 1373
a 22 49 1950
a 22 81 4819
a 22 76 1048
a 22 89 2101
a 22 190 2045
a 22 125 2909
a 22 72 641
a 22 122 648
a 40 65 445
a 40 242 3804
a 40 79 4635
a 40 237 4273
a 40 175 509
a 40 183 745
a 40 226 1025
a 40 159 2236
a 65 201 1190
a 65 256 1304
a 65 67 2647
a 65 240 3381
a 65 208 4047
a 65 153 3953
a 65 41 491
a 65 75 4927
a 65 119 2563
a 191 225 3519
a 191 98 2159
a 191 218 3734
a 191 53 3216
a 191 121 1848
a 191 102 908
a 191 117 198
a 191 88 4359
a 194 240 3988
a 194 243 3878
a 194 222 2608
a 194 139 4414
a 194 116 2201
a 194 172 1331
a 194 207 767
a 194 253 1567
a 194 114 790
a 201 191 4028
a 201 200 1120
a 225 194 3724
a 225 251 486
a 225 256 3014
a 225 41 2812
a 225 32 1656
a 225 93 2555
a 225 246 2903
a 225 117 2765
a 225 30 249
a 23 179 3508
a 23 59 4370
a 23 129 4729
a 23 85 1584
a 23 163 4393
a 23 212 2011
a 23 74 3329
a 23 138 3807
a 23 37 3485
a 23 252 4721
a 23 87 4657
a 23 173 1677
a 23 127 1927
a 42 106 2945
a 42 204 3337
a 42 51 4901
a 42 254 3603
a 42 150 4578
a 69 153 603
a 69 251 3117
a 69 37 3174
a 69 188 2071
a 69 231 58
a 69 113 4870
a 69 49 3128
a 69 215 4943
a 69 214 3757
a 69 106 2970
a 69 108 999
a 69 200 127
a 69 236 3855
a 69 102 1793
a 69 38 981
a 69 27 3647
a 77 97 2317
a 77 85 3910
a 77 128 3880
a 77 236 657
a 97 98 1134
a 97 176 4025
a 97 124 1769
a 97 37 3237
a 97 183 713
a 97 88 2809
a 97 179 3995
a 97 154 2862
a 98 236 1479
a 98 60 4665
a 98 169 3501
a 98 126 1964
a 98 34 851
a 98 233 222
a 98 74 3326
a 98 136 1764
a 98 214 1908
a 98 181 3483
a 98 157 3476
a 98 170 4582
a 98 133 2433
a 106 77 4722
a 106 148 78
a 106 191 256
a 106 141 1429
a 106 102 2363
a 106 98 3602
a 106 217 3165
a 106 108 2184
a 106 225 3986
a 106 91 2380
a 106 114 559
a 106 150 1857
a 106 212 1656
a 153 42 2934
a 153 241 3981
a 153 86 2501
a 153 32 4000
a 153 185 4033
a 153 53 4252
a 153 199 2897
a 153 40 4725
a 153 39 4469
a 153 148 1692
a 153 228 961
a 153 118 730
a 179 69 2462
a 179 244 1389
a 179 232 2131
a 179 96 3621
a 179 238 2980
a 179 55 688
a 179 95 4479
a 179 34 278
a 179 76 3809
a 179 192 1676
a 179 112 4730
a 179 134 3877
a 179 41 4198
a 179 227 3871
a 179 204 1057
a 24 175 267
a 24 194 2504
a 24 230 3387
a 24 186 2671
a 41 183 693
a 41 219 643
a 41 251 1836
a 41 126 3917
a 41 225 1241
a 47 173 1766
a 47 39 1744
a 47 181 2801
a 47 229 2196
a 47 143 3035
a 47 147 1839
a 47 58 2119
a 47 163 4510
a 47 165 2500
a 47 210 989
a 47 158 1757
a 47 150 4140
a 47 60 4017
a 47 211 4741
a 54 47 1564
a 54 116 1974
a 54 214 3051
a 54 92 3655
a 54 37 247
a 54 187 4646
a 54 167 2183
a 54 96 3139
a 54 240 97
a 54 103 4661
a 54 196 1431
a 54 227 4699
a 54 94 4289
a 67 54 2914
a 67 242 86
a 67 179 3251
a 67 203 2800
a 67 126 3160
a 67 241 4312
a 67 127 4767
a 67 114 2682
a 67 150 1440
a 173 233 3846
a 173 30 219
a 173 111 4527
a 173 118 4945
a 175 41 3808
a 175 28 1449
a 175 226 4506
a 175 203 44
a 175 230 2135
a 175 206 2379
a 175 166 4116
a 175 202 4321
a 175 76 3864
a 175 84 2103
a 175 162 161
a 175 53 3696
a 175 217 437
a 183 67 198
a 183 134 408
a 183 241 1670
a 183 212 4740
a 183 85 2475
a 183 242 3303
a 183 128 755
a 25 185 1587
a 25 181 2439
a 25 109 3074
a 25 75 3015
a 25 226 382
a 81 82 3336
a 81 236 1473
a 81 253 4413
a 81 130 3211
a 81 162 2897
a 81 85 3923
a 81 96 4371
a 81 83 1726
a 81 212 4396
a 81 203 2886
a 81 42 4038
a 81 153 2199
a 82 147 3885
a 82 52 1688
a 82 216 1686
a 87 248 2650
a 87 111 1960
a 87 61 1075
a 87 236 3270
a 87 176 3686
a 87 249 3035
a 87 153 2286
a 87 157 4662
a 87 155 782
a 87 225 4298
a 87 226 3588
a 87 223 4450
a 87 195 1722
a 87 180 4021
a 87 90 296
a 87 49 2988
a 131 87 3650
a 131 222 3080
a 131 223 4391
a 147 131 2273
a 147 118 4248
a 147 62 697
a 147 178 145
a 147 111 3422
a 147 35 3007
a 147 98 738
a 147 218 3371
a 147 70 1554
a 147 248 306
a 147 183 3556
a 147 120 14
a 147 123 4098
a 147 239 4862
a 147 28 4635
a 147 220 788
a 147 114 1121
a 185 81 129
a 185 86 2872
a 185 254 3563
a 185 52 3963
a 185 173 3407
a 185 87 450
a 185 222 3563
a 185 191 4946
a 185 172 563
a 185 165 1302
a 185 58 4876
a 185 214 1773
a 185 113 2987
a 185 255 330
a 26 27 1216
a 26 100 1345
a 26 76 4763
a 26 57 462
a 26 105 3437
a 26 214 1766
a 26 111 2846
a 26 217 4173
a 27 136 3835
a 27 217 1349
a 27 168 3644
a 27 201 203
a 27 82 3029
a 27 127 4494
a 27 140 2104
a 27 247 1042
a 27 73 2876
a 27 157 2902
a 27 145 3831
a 44 207 2442
a 44 237 3784
a 44 188 371
a 44 176 629
a 44 170 1264
a 44 242 4886
a 44 47 2358
a 44 77 1774
a 44 27 2303
a 44 177 1549
a 44 109 1726
a 44 189 3870
a 70 232 3400
a 70 128 1053
a 70 254 3848
a 70 181 3111
a 70 146 1063
a 91 253 964
a 91 249 1140
a 91 244 511
a 91 165 4836
a 91 248 271
a 91 225 61
a 91 31 4440
a 91 250 3574
a 91 186 901
a 91 195 4426
a 91 50 3367
a 91 213 4752
a 91 41 4420
a 91 101 4449
a 91 123 2472
a 91 209 3534
a 108 91 403
a 108 243 3653
a 108 117 448
a 108 192 817
a 108 223 4234
a 108 251 3141
a 108 209 3993
a 108 162 2469
a 108 165 4178
a 108 214 259
a 108 174 4550
a 108 200 4301
a 108 239 412
a 128 44 4688
a 128 54 4623
a 128 74 881
a 128 239 3983
a 136 190 2898
a 136 230 4832
a 136 89 4775
a 136 88 95
a 136 205 2032
a 136 139 2901
a 136 227 3040
a 136 52 424
a 136 75 1830
a 136 46 3205
a 136 94 1993
a 190 70 3287
a 190 67 805
a 207 108 4921
a 207 155 890
a 207 107 4603
a 207 227 981
a 207 221 4277
a 207 233 4906
